00010110100100000011111100100101100001011111011010010001001100001111010001111000;11,01001,111100,1111,11,111011,000100,10
001000010000010010011011101000110011101001000110001110010011110110100100101;11110,11,0100,10,10011,10,011,01111
101001011111011100110111110101000011100010011110001101000001010100000111111;11111,101,011100,11,110111,101000
1001010110000101011111101110100100001010110100100101011000111100110101000001;00000,00,10001,010111,10,110111,110,1100
000010110010101110100001001111011000101111110111010011101111011111001010001101;11010,101,101110,0110,011100,11110,100101,01000,11111,10
111010101001101101110111110001111111100110000001011110000000001000101;110111,01100,0101,0011,0011,01,001110,00000,110000,11
1010010011111000011011101111011010110000111010110111000011010111000;11011,101,10,0010,0100,00110
111011111000000010111100110100001000100011110100110101001110111100;0001,100,11,111111,0001,10
000101111111000000011000110111011111111000111010101100110100111111110001101101;111110,100101,01011,011001,101010,100101
001000011001000110101110000101010101110010000000111010000011001110010000101;11,000110,010000,001101,0010,000,0101,11010,01010,011
1011011011111101001100011000011111111001001010001011111000111011001110010101;111,01,00,010100,010,000,101101,00010
000100001110111000011011011100010111010001100100111101000100110011001001011;0100,110,00,010,110010,01,111010,11,0100,0110
01011100101101001011110010100110100000111100110010110000001001000101;10110,11111,1010,1110,10,10
000101000110011000000011010011100000111100110010110010101111101101101100111;0000,10,001101,001101,011010,1011
1001100101010110001100001000101000111101010010000111111011101000001111;11,10111,00100,010,10,0111
010010001010000010001000111010001001001111100110001001000100110010010001110;10101,010,110,110100,10010,0110
011111110011100101100011110000011100110111110000011011000110100010;000001,1001,10,00,00,1101
11101101010010101111001111000111100000110100010010101101000000111010101010;00,001,0110,000000,110,00000
10000111110000011001110101100000100000010001011100010111000001000011101010111100;11,100111,101000,11101,10,101100,11,110,10,01
10100101101110011000;10,111,00,10,010,00
00010011000011111010001001100011110010111010101111111100100001111111;0110,10,01010,11,011100,001000,100,1001